2048
2064
2080
2096
2112
2128
2144
2160
2176
2192
2208
2224
2240
2256
2272
2288
2304
2320
2336
2352
2368
2384
2400
2415
2431
2447
2463
2478
2494
2510
2525
2541
2557
2572
2588
2603
2619
2634
2650
2665
2680
2695
2711
2726
2741
2756
2771
2786
2801
2816
2831
2846
2861
2875
2890
2905
2919
2934
2948
2963
2977
2991
3006
3020
3034
3048
3062
3076
3090
3104
3117
3131
3145
3158
3172
3185
3198
3212
3225
3238
3251
3264
3277
3290
3302
3315
3328
3340
3353
3365
3377
3389
3402
3414
3425
3437
3449
3461
3472
3484
3495
3507
3518
3529
3540
3551
3562
3573
3583
3594
3604
3615
3625
3635
3645
3655
3665
3675
3685
3694
3704
3713
3723
3732
3741
3750
3759
3768
3776
3785
3793
3802
3810
3818
3826
3834
3842
3849
3857
3864
3872
3879
3886
3893
3900
3907
3914
3920
3927
3933
3939
3945
3951
3957
3963
3968
3974
3979
3985
3990
3995
4000
4004
4009
4014
4018
4022
4027
4031
4035
4038
4042
4046
4049
4052
4056
4059
4062
4065
4067
4070
4072
4075
4077
4079
4081
4083
4084
4086
4087
4089
4090
4091
4092
4093
4093
4094
4094
4095
4095
4095
4095
4095
4094
4094
4093
4093
4092
4091
4090
4089
4087
4086
4084
4083
4081
4079
4077
4075
4072
4070
4067
4065
4062
4059
4056
4052
4049
4046
4042
4038
4035
4031
4027
4022
4018
4014
4009
4004
4000
3995
3990
3985
3979
3974
3968
3963
3957
3951
3945
3939
3933
3927
3920
3914
3907
3900
3893
3886
3879
3872
3864
3857
3849
3842
3834
3826
3818
3810
3802
3793
3785
3776
3768
3759
3750
3741
3732
3723
3713
3704
3694
3685
3675
3665
3655
3645
3635
3625
3615
3604
3594
3583
3573
3562
3551
3540
3529
3518
3507
3495
3484
3472
3461
3449
3437
3425
3414
3402
3389
3377
3365
3353
3340
3328
3315
3302
3290
3277
3264
3251
3238
3225
3212
3198
3185
3172
3158
3145
3131
3117
3104
3090
3076
3062
3048
3034
3020
3006
2991
2977
2963
2948
2934
2919
2905
2890
2875
2861
2846
2831
2816
2801
2786
2771
2756
2741
2726
2711
2695
2680
2665
2650
2634
2619
2603
2588
2572
2557
2541
2525
2510
2494
2478
2463
2447
2431
2415
2400
2384
2368
2352
2336
2320
2304
2288
2272
2256
2240
2224
2208
2192
2176
2160
2144
2128
2112
2096
2080
2064
2048
2031
2015
1999
1983
1967
1951
1935
1919
1903
1887
1871
1855
1839
1823
1807
1791
1775
1759
1743
1727
1711
1695
1680
1664
1648
1632
1617
1601
1585
1570
1554
1538
1523
1507
1492
1476
1461
1445
1430
1415
1400
1384
1369
1354
1339
1324
1309
1294
1279
1264
1249
1234
1220
1205
1190
1176
1161
1147
1132
1118
1104
1089
1075
1061
1047
1033
1019
1005
991
978
964
950
937
923
910
897
883
870
857
844
831
818
805
793
780
767
755
742
730
718
706
693
681
670
658
646
634
623
611
600
588
577
566
555
544
533
522
512
501
491
480
470
460
450
440
430
420
410
401
391
382
372
363
354
345
336
327
319
310
302
293
285
277
269
261
253
246
238
231
223
216
209
202
195
188
181
175
168
162
156
150
144
138
132
127
121
116
110
105
100
95
91
86
81
77
73
68
64
60
57
53
49
46
43
39
36
33
30
28
25
23
20
18
16
14
12
11
9
8
6
5
4
3
2
2
1
1
0
0
0
0
0
1
1
2
2
3
4
5
6
8
9
11
12
14
16
18
20
23
25
28
30
33
36
39
43
46
49
53
57
60
64
68
73
77
81
86
91
95
100
105
110
116
121
127
132
138
144
150
156
162
168
175
181
188
195
202
209
216
223
231
238
246
253
261
269
277
285
293
302
310
319
327
336
345
354
363
372
382
391
401
410
420
430
440
450
460
470
480
491
501
512
522
533
544
555
566
577
588
600
611
623
634
646
658
670
681
693
706
718
730
742
755
767
780
793
805
818
831
844
857
870
883
897
910
923
937
950
964
978
991
1005
1019
1033
1047
1061
1075
1089
1104
1118
1132
1147
1161
1176
1190
1205
1220
1234
1249
1264
1279
1294
1309
1324
1339
1354
1369
1384
1400
1415
1430
1445
1461
1476
1492
1507
1523
1538
1554
1570
1585
1601
1617
1632
1648
1664
1680
1695
1711
1727
1743
1759
1775
1791
1807
1823
1839
1855
1871
1887
1903
1919
1935
1951
1967
1983
1999
2015
2031